# oST version 5.0 parameters


[image]

width
640

height
480

[narrow_stereo]

camera matrix
575.223485 0.000000 315.435046
0.000000 771.876082 234.852060
0.000000 0.000000 1.000000

distortion
-0.047014 0.133153 0.002514 -0.001760 0.000000

rectification
1.000000 0.000000 0.000000
0.000000 1.000000 0.000000
0.000000 0.000000 1.000000

projection
576.842712 0.000000 314.117981 0.000000
0.000000 773.431274 235.525162 0.000000
0.000000 0.000000 1.000000 0.000000
